-0.7084798000058807
-6.020252301459486
-4.395750965702563
-2.596657755968881
-5.21887325885973
2.508104101050403
4.13162382675293
-1.1114017301603774
-1.2447858501171076
0.871322172438882
1.0
1.0
1.0
1.0
1.0
1.0
1.0
1.0
1.0
1.0
97.05149250185919
105.54155218422251
99.11403585675102
86.59971058257223
95.90361189349017
109.05850687082537
99.1185565289563
112.05368739210296
88.80538037955004
97.27801636569833
99.02008584550619
124.08816722093533
112.21289248881193
102.98497385692592
99.2036952648967
107.26729465443023
99.44909480776984
96.97656197775194
